Sample	FastQC_mqc-generalstats-fastqc-percent_duplicates	FastQC_mqc-generalstats-fastqc-percent_gc	FastQC_mqc-generalstats-fastqc-avg_sequence_length	FastQC_mqc-generalstats-fastqc-percent_fails	FastQC_mqc-generalstats-fastqc-total_sequences
SRR10491521_1	19.9079399643597	52.0	159.84574001844302	10.0	613782.0
SRR10491521_2	19.23353055458263	52.0	140.96724407037027	10.0	613782.0
SRR7534671_1	31.235635705180954	51.0	111.43637352461828	10.0	1125302.0
SRR7534671_2	29.50933820923484	51.0	107.74528704294491	10.0	1125302.0
SRR7534672_1	18.99361834568367	52.0	115.54834411496259	10.0	450303.0
SRR7534672_2	17.1581548393074	52.0	110.74389466648013	10.0	450303.0
SRR7534673_1	27.327799305632638	51.0	120.54560945694737	10.0	626164.0
SRR7534673_2	25.076785145584083	51.0	115.33999080113198	10.0	626164.0
SRR7534674_1	23.149924877797474	52.0	114.87675623410884	10.0	670184.0
SRR7534674_2	21.461467311469747	52.0	111.57773686032492	10.0	670184.0
SRR7534675_1	28.83192192398309	52.0	110.21028708474142	10.0	1265898.0
SRR7534675_2	26.231377210319238	52.0	104.93777065766753	10.0	1265898.0
SRR7534676_1	31.307012088459146	51.0	113.57037466059681	10.0	1184432.0
SRR7534676_2	29.184769430527496	51.0	109.53475421130128	10.0	1184432.0
SRR7534677_1	30.430447768789463	52.0	113.17540779465548	10.0	1069656.0
SRR7534677_2	28.166383542976035	52.0	108.5676535259934	10.0	1069656.0
SRR7534678_1	30.965682981861804	52.0	114.93872566866283	10.0	1016282.0
SRR7534678_2	29.016570429870953	52.0	110.68716950610165	10.0	1016282.0
SRR7534679_1	18.401345355644338	52.0	117.41819725663386	10.0	427504.0
SRR7534679_2	16.37956938447637	52.0	111.15342780418429	10.0	427504.0
SRR7534680_1	22.01502957895795	51.0	113.35502869589268	10.0	578480.0
SRR7534680_2	19.24290919112383	51.0	104.86185520674871	10.0	578480.0
SRR7534681_1	21.59303346639851	52.0	199.94892805313157	10.0	315594.0
SRR7534681_2	20.630280316933565	51.0	163.9201505732048	10.0	315594.0
SRR7534682_1	15.695194048712295	52.0	181.07554912658605	10.0	318005.0
SRR7534682_2	14.753259606407767	52.0	149.76244398672978	10.0	318005.0
SRR7534683_1	11.980775197791203	51.0	189.2486613029088	10.0	148652.0
SRR7534683_2	11.476728651660324	51.0	158.53541156526651	10.0	148652.0
SRR7534684_1	12.77490341796873	52.0	196.7822739463033	10.0	202098.0
SRR7534684_2	12.090761115963687	52.0	162.41266118417798	10.0	202098.0
SRR7534685_1	55.60319265693316	51.0	160.8811699362966	20.0	445973.0
SRR7534685_2	54.39599191773518	51.0	137.77417018519057	20.0	445973.0
SRR7534686_1	66.34713156983105	50.0	179.29797077788027	20.0	423857.0
SRR7534686_2	63.78160417558059	50.0	148.6301394102256	20.0	423857.0
SRR7534687_1	14.37645095963235	52.0	181.08397690427063	10.0	288365.0
SRR7534687_2	13.462293507940743	52.0	150.82855408943527	10.0	288365.0
SRR7534688_1	35.16726004483145	50.0	153.75821661758118	10.0	272314.0
SRR7534688_2	34.56297528085453	49.0	134.86524379943742	10.0	272314.0
SRR7534689_1	13.583708996317128	52.0	137.0896425955545	10.0	401394.0
SRR7534689_2	12.957171672602755	51.0	122.66108611488961	10.0	401394.0
SRR7534690_1	13.733618838246102	52.0	190.3876512294113	10.0	257969.0
SRR7534690_2	13.283319369196136	52.0	160.74354670522428	10.0	257969.0
SRR7534691_1	29.192967691594987	53.0	115.6019830632387	10.0	984840.0
SRR7534691_2	26.889748450441516	53.0	110.84354920596239	10.0	984840.0
SRR7534692_1	26.7245727041702	52.0	112.30011650540446	10.0	847171.0
SRR7534692_2	25.125015077913446	52.0	109.71029461584497	10.0	847171.0
SRR7534693_1	21.701090939905683	53.0	101.45514105556923	10.0	837046.0
SRR7534693_2	20.256975077809614	53.0	98.84736322734952	10.0	837046.0
SRR7534694_1	25.848351405478724	51.0	106.4645784244195	10.0	988423.0
SRR7534694_2	24.31068198236082	51.0	104.06221830127384	10.0	988423.0
SRR7534695_1	10.260890815112049	51.0	116.61673139518575	10.0	206761.0
SRR7534695_2	9.528493512142404	51.0	113.46710453131877	10.0	206761.0
SRR7534696_1	26.631965005341513	52.0	109.67752227144219	10.0	1081991.0
SRR7534696_2	24.294281405354866	52.0	105.45977369497528	10.0	1081991.0
SRR7534697_1	25.059061419241687	51.0	106.57092185134815	10.0	975743.0
SRR7534697_2	23.30232033745824	51.0	103.10396180141697	10.0	975743.0
SRR7534698_1	30.761003962071626	52.0	105.05112546271216	10.0	1417728.0
SRR7534698_2	28.93975228014419	52.0	102.64853554419466	10.0	1417728.0
SRR7534699_1	26.07560021772494	51.0	103.05003304009874	10.0	1122878.0
SRR7534699_2	24.295139625461232	51.0	99.73686900981228	10.0	1122878.0
SRR7534700_1	38.29314879391852	51.0	113.7497408631187	10.0	1192420.0
SRR7534700_2	36.389151750765045	51.0	110.88749266198151	10.0	1192420.0
SRR7534701_1	21.221138259608935	52.0	160.14462255978867	10.0	607222.0
SRR7534701_2	20.389309122155595	52.0	138.06874256861576	10.0	607222.0
SRR7534702_1	16.14144458960125	52.0	141.25316122433517	10.0	527960.0
SRR7534702_2	15.373512547246008	52.0	124.4714353360103	10.0	527960.0
SRR7534703_1	7.924250243450075	47.0	149.4262128222636	20.0	235793.0
SRR7534703_2	7.5458955724745636	47.0	133.65950643148864	20.0	235793.0
SRR7534704_1	7.92946114326395	52.0	153.00528592721852	10.0	137535.0
SRR7534704_2	7.444991945902501	52.0	133.16214054604282	10.0	137535.0
SRR7534705_1	12.975206436560043	52.0	143.256536664843	10.0	332662.0
SRR7534705_2	12.828881135098442	52.0	129.51001617257157	10.0	332662.0
SRR7534706_1	16.602392046621333	52.0	157.95624124631	10.0	464090.0
SRR7534706_2	16.143001508644787	52.0	136.8849167187399	10.0	464090.0
SRR7534707_1	24.337319262358662	52.0	125.68927971120763	10.0	443225.0
SRR7534707_2	21.453915614421618	52.0	118.58836708218173	10.0	443225.0
SRR7534708_1	30.684070555256227	53.0	121.43885223560368	10.0	360283.0
SRR7534708_2	27.54153283160238	53.0	114.03267708995429	10.0	360283.0
SRR7534709_1	5.620326954758582	51.0	226.29162970472692	10.0	63128.0
SRR7534709_2	5.1419338486883674	51.0	167.58417817767076	10.0	63128.0
SRR7534710_1	10.79545865340485	52.0	181.20588357944777	10.0	215821.0
SRR7534710_2	10.12839164107568	52.0	149.68832041367614	10.0	215821.0
